0 0.584375 0.631250 0.582812 0.632812 0.579688 0.632812 0.575000 0.637500 0.573438 0.637500 0.571875 0.639062 0.568750 0.639062 0.567187 0.640625 0.567187 0.642188 0.565625 0.643750 0.565625 0.846875 0.564063 0.848437 0.564063 0.896875 0.565625 0.898438 0.565625 0.900000 0.567187 0.901563 0.576562 0.901563 0.578125 0.903125 0.579688 0.903125 0.581250 0.901563 0.593750 0.901563 0.595313 0.900000 0.595313 0.898438 0.596875 0.896875 0.596875 0.860938 0.595313 0.859375 0.595313 0.829688 0.596875 0.828125 0.596875 0.643750 0.595313 0.642188 0.595313 0.640625 0.587500 0.632812 0.587500 0.631250
0 0.614062 0.600000 0.612500 0.601562 0.610938 0.601562 0.607812 0.604688 0.607812 0.607812 0.606250 0.609375 0.606250 0.614062 0.604688 0.615625 0.604688 0.623437 0.606250 0.625000 0.606250 0.650000 0.607812 0.651563 0.607812 0.657813 0.609375 0.659375 0.609375 0.701562 0.610938 0.703125 0.610938 0.714063 0.609375 0.715625 0.609375 0.726562 0.607812 0.728125 0.607812 0.734375 0.609375 0.735938 0.609375 0.740625 0.607812 0.742188 0.607812 0.815625 0.609375 0.817187 0.609375 0.848437 0.610938 0.850000 0.610938 0.851562 0.612500 0.853125 0.612500 0.854688 0.615625 0.857812 0.615625 0.859375 0.617188 0.860938 0.618750 0.860938 0.620313 0.862500 0.623437 0.862500 0.625000 0.860938 0.626563 0.860938 0.629687 0.857812 0.629687 0.821875 0.631250 0.820312 0.631250 0.784375 0.629687 0.782813 0.629687 0.764062 0.631250 0.762500 0.631250 0.615625 0.629687 0.614062 0.629687 0.610938 0.620313 0.601562 0.617188 0.601562 0.615625 0.600000
0 0.498437 0.650000 0.496875 0.651563 0.495312 0.651563 0.493750 0.653125 0.493750 0.654687 0.492188 0.656250 0.492188 0.698438 0.493750 0.700000 0.493750 0.865625 0.492188 0.867188 0.492188 0.868750 0.493750 0.870313 0.493750 0.909375 0.498437 0.914062 0.510938 0.914062 0.512500 0.912500 0.512500 0.909375 0.514062 0.907813 0.514062 0.906250 0.512500 0.904687 0.512500 0.903125 0.514062 0.901563 0.514062 0.784375 0.515625 0.782813 0.515625 0.781250 0.514062 0.779687 0.514062 0.778125 0.515625 0.776563 0.515625 0.765625 0.514062 0.764062 0.514062 0.760938 0.515625 0.759375 0.514062 0.757812 0.514062 0.656250 0.512500 0.654687 0.512500 0.651563 0.510938 0.650000
0 0.345313 0.600000 0.345313 0.601562 0.343750 0.603125 0.343750 0.653125 0.345313 0.654687 0.345313 0.673438 0.346875 0.675000 0.346875 0.807813 0.348438 0.809375 0.348438 0.887500 0.350000 0.889062 0.350000 0.892188 0.351562 0.893750 0.351562 0.907813 0.353125 0.909375 0.353125 0.912500 0.357812 0.917188 0.360938 0.917188 0.362500 0.915625 0.364063 0.915625 0.365625 0.914062 0.365625 0.912500 0.367188 0.910937 0.367188 0.893750 0.368750 0.892188 0.368750 0.676562 0.370312 0.675000 0.370312 0.660937 0.371875 0.659375 0.371875 0.625000 0.370312 0.623437 0.370312 0.620313 0.371875 0.618750 0.371875 0.606250 0.370312 0.604688 0.370312 0.603125 0.368750 0.603125 0.367188 0.601562 0.362500 0.601562 0.360938 0.600000
0 0.334375 0.582812 0.332813 0.584375 0.329688 0.584375 0.328125 0.585938 0.326562 0.585938 0.323437 0.589063 0.321875 0.589063 0.318750 0.592187 0.318750 0.684375 0.320312 0.685937 0.320312 0.689063 0.318750 0.690625 0.318750 0.695312 0.320312 0.696875 0.320312 0.706250 0.318750 0.707812 0.318750 0.712500 0.320312 0.714063 0.320312 0.771875 0.321875 0.773438 0.321875 0.775000 0.325000 0.778125 0.326562 0.778125 0.328125 0.779687 0.329688 0.779687 0.332813 0.776563 0.332813 0.775000 0.337500 0.770312 0.337500 0.768750 0.339062 0.767188 0.337500 0.765625 0.337500 0.757812 0.339062 0.756250 0.339062 0.751563 0.340625 0.750000 0.340625 0.739062 0.342187 0.737500 0.342187 0.709375 0.340625 0.707812 0.342187 0.706250 0.342187 0.695312 0.340625 0.693750 0.340625 0.689063 0.342187 0.687500 0.342187 0.664062 0.340625 0.662500 0.340625 0.610938 0.342187 0.609375 0.342187 0.604688 0.343750 0.603125 0.343750 0.600000 0.345313 0.598437 0.345313 0.587500 0.343750 0.585938 0.343750 0.584375 0.342187 0.582812
0 0.343750 0.289062 0.342187 0.290625 0.339062 0.290625 0.337500 0.292187 0.337500 0.371875 0.339062 0.373437 0.339062 0.425000 0.340625 0.426563 0.340625 0.493750 0.342187 0.495312 0.342187 0.532813 0.343750 0.534375 0.343750 0.535937 0.345313 0.537500 0.346875 0.537500 0.350000 0.540625 0.351562 0.540625 0.353125 0.542188 0.354687 0.542188 0.356250 0.543750 0.359375 0.543750 0.360938 0.545312 0.365625 0.545312 0.368750 0.542188 0.368750 0.534375 0.370312 0.532813 0.370312 0.479687 0.368750 0.478125 0.368750 0.429688 0.367188 0.428125 0.367188 0.382812 0.365625 0.381250 0.365625 0.326562 0.364063 0.325000 0.364063 0.307812 0.362500 0.306250 0.362500 0.300000 0.360938 0.298438 0.360938 0.296875 0.359375 0.295312 0.359375 0.293750 0.357812 0.292187 0.356250 0.292187 0.354687 0.290625 0.351562 0.290625 0.350000 0.289062
0 0.432812 0.376563 0.432812 0.378125 0.431250 0.379688 0.431250 0.384375 0.429688 0.385937 0.429688 0.390625 0.431250 0.392188 0.431250 0.529687 0.432812 0.531250 0.432812 0.532813 0.434375 0.532813 0.435937 0.534375 0.445312 0.534375 0.446875 0.532813 0.448437 0.532813 0.451562 0.529687 0.451562 0.526563 0.453125 0.525000 0.453125 0.495312 0.454688 0.493750 0.453125 0.492188 0.453125 0.489063 0.454688 0.487500 0.454688 0.460938 0.453125 0.459375 0.453125 0.457813 0.454688 0.456250 0.454688 0.454688 0.453125 0.453125 0.453125 0.429688 0.451562 0.428125 0.451562 0.392188 0.450000 0.390625 0.450000 0.384375 0.445312 0.379688 0.443750 0.379688 0.442188 0.378125 0.440625 0.378125 0.439063 0.376563
0 0.532813 0.317188 0.531250 0.318750 0.529687 0.318750 0.528125 0.320312 0.528125 0.321875 0.526563 0.323437 0.526563 0.325000 0.525000 0.326562 0.525000 0.329688 0.523438 0.331250 0.523438 0.345313 0.521875 0.346875 0.521875 0.404687 0.523438 0.406250 0.523438 0.600000 0.525000 0.601562 0.525000 0.604688 0.528125 0.607812 0.534375 0.607812 0.535937 0.606250 0.537500 0.606250 0.539062 0.604688 0.539062 0.603125 0.540625 0.601562 0.540625 0.600000 0.542188 0.598437 0.542188 0.595313 0.543750 0.593750 0.543750 0.570312 0.542188 0.568750 0.542188 0.548438 0.543750 0.546875 0.543750 0.512500 0.542188 0.510938 0.542188 0.367188 0.543750 0.365625 0.543750 0.356250 0.542188 0.354687 0.542188 0.321875 0.539062 0.318750 0.537500 0.318750 0.535937 0.317188
0 0.584375 0.092188 0.579688 0.096875 0.579688 0.106250 0.578125 0.107813 0.578125 0.218750 0.576562 0.220312 0.576562 0.256250 0.578125 0.257812 0.578125 0.259375 0.579688 0.260937 0.595313 0.260937 0.596875 0.259375 0.598437 0.259375 0.598437 0.240625 0.600000 0.239063 0.598437 0.237500 0.598437 0.218750 0.600000 0.217188 0.600000 0.096875 0.598437 0.095312 0.596875 0.095312 0.593750 0.092188
0 0.507812 0.092188 0.507812 0.093750 0.506250 0.095312 0.506250 0.293750 0.507812 0.295312 0.507812 0.298438 0.510938 0.301563 0.523438 0.301563 0.526563 0.298438 0.526563 0.248438 0.528125 0.246875 0.526563 0.245312 0.526563 0.093750 0.525000 0.092188
0 0.353125 0.089063 0.350000 0.092188 0.350000 0.093750 0.348438 0.095312 0.348438 0.118750 0.350000 0.120313 0.350000 0.159375 0.351562 0.160938 0.351562 0.243750 0.353125 0.245312 0.353125 0.257812 0.354687 0.257812 0.356250 0.259375 0.357812 0.259375 0.359375 0.257812 0.362500 0.257812 0.365625 0.254688 0.365625 0.253125 0.367188 0.251563 0.367188 0.226562 0.365625 0.225000 0.365625 0.217188 0.367188 0.215625 0.367188 0.156250 0.365625 0.154688 0.365625 0.135937 0.367188 0.134375 0.367188 0.126562 0.365625 0.125000 0.365625 0.114062 0.367188 0.112500 0.367188 0.109375 0.365625 0.107813 0.365625 0.092188 0.362500 0.089063
0 0.532813 0.057813 0.531250 0.059375 0.529687 0.059375 0.529687 0.076563 0.528125 0.078125 0.528125 0.081250 0.535937 0.089063 0.535937 0.092188 0.534375 0.093750 0.534375 0.107813 0.537500 0.110937 0.537500 0.112500 0.534375 0.115625 0.532813 0.115625 0.532813 0.117188 0.531250 0.118750 0.531250 0.165625 0.532813 0.167187 0.532813 0.170313 0.534375 0.171875 0.534375 0.173437 0.535937 0.175000 0.535937 0.182812 0.537500 0.184375 0.537500 0.200000 0.539062 0.201563 0.539062 0.209375 0.540625 0.210938 0.540625 0.214062 0.542188 0.215625 0.542188 0.218750 0.545312 0.221875 0.548438 0.218750 0.546875 0.217188 0.546875 0.212500 0.548438 0.210938 0.548438 0.179688 0.546875 0.178125 0.546875 0.175000 0.548438 0.173437 0.548438 0.117188 0.545312 0.114062 0.545312 0.110937 0.546875 0.109375 0.546875 0.092188 0.545312 0.090625 0.546875 0.089063 0.546875 0.084375 0.548438 0.082812 0.548438 0.064062 0.546875 0.062500 0.546875 0.060937 0.545312 0.059375 0.542188 0.059375 0.540625 0.057813