0 0.406250 0.239063 0.404687 0.240625 0.403125 0.240625 0.400000 0.243750 0.398438 0.243750 0.398438 0.245312 0.396875 0.246875 0.396875 0.318750 0.398438 0.320312 0.398438 0.321875 0.400000 0.323437 0.403125 0.320312 0.404687 0.320312 0.406250 0.318750 0.407813 0.318750 0.409375 0.317188 0.412500 0.317188 0.414062 0.315625 0.415625 0.315625 0.415625 0.276562 0.417187 0.275000 0.417187 0.267188 0.415625 0.265625 0.415625 0.259375 0.417187 0.257812 0.417187 0.246875 0.415625 0.245312 0.415625 0.242188 0.412500 0.239063
0 0.567187 0.246875 0.565625 0.248438 0.564063 0.248438 0.562500 0.250000 0.562500 0.284375 0.560937 0.285938 0.560937 0.290625 0.562500 0.292187 0.562500 0.323437 0.565625 0.326562 0.567187 0.326562 0.568750 0.328125 0.570312 0.328125 0.571875 0.329688 0.575000 0.329688 0.576562 0.331250 0.582812 0.331250 0.584375 0.329688 0.584375 0.257812 0.582812 0.256250 0.582812 0.253125 0.581250 0.253125 0.578125 0.250000 0.576562 0.250000 0.575000 0.248438 0.573438 0.248438 0.571875 0.246875
0 0.562500 0.145313 0.560937 0.146875 0.560937 0.167187 0.559375 0.168750 0.559375 0.175000 0.560937 0.176563 0.560937 0.196875 0.562500 0.198437 0.562500 0.225000 0.564063 0.226562 0.564063 0.240625 0.565625 0.242188 0.565625 0.243750 0.567187 0.243750 0.568750 0.245312 0.571875 0.245312 0.573438 0.243750 0.573438 0.193750 0.571875 0.192188 0.571875 0.153125 0.570312 0.151562 0.570312 0.148438 0.567187 0.145313
0 0.407813 0.120313 0.406250 0.121875 0.404687 0.121875 0.403125 0.123438 0.403125 0.134375 0.401562 0.135937 0.401562 0.182812 0.400000 0.184375 0.400000 0.185938 0.401562 0.187500 0.401562 0.189062 0.400000 0.190625 0.400000 0.220312 0.403125 0.220312 0.404687 0.221875 0.406250 0.220312 0.410938 0.220312 0.414062 0.217188 0.414062 0.200000 0.415625 0.198437 0.415625 0.143750 0.417187 0.142187 0.417187 0.132812 0.415625 0.131250 0.415625 0.121875 0.414062 0.120313
0 0.460938 0.093750 0.459375 0.095312 0.457813 0.095312 0.456250 0.096875 0.456250 0.106250 0.454688 0.107813 0.454688 0.181250 0.453125 0.182812 0.453125 0.185938 0.454688 0.187500 0.454688 0.195312 0.464062 0.195312 0.468750 0.190625 0.468750 0.175000 0.470313 0.173437 0.470313 0.098437 0.468750 0.096875 0.468750 0.095312 0.467187 0.093750
0 0.365625 0.750000 0.364063 0.751563 0.362500 0.751563 0.359375 0.754687 0.359375 0.756250 0.357812 0.757812 0.357812 0.762500 0.356250 0.764062 0.356250 0.843750 0.354687 0.845313 0.354687 0.871875 0.356250 0.873437 0.365625 0.873437 0.367188 0.871875 0.368750 0.871875 0.371875 0.868750 0.371875 0.867188 0.373437 0.865625 0.373437 0.846875 0.375000 0.845313 0.375000 0.757812 0.376563 0.756250 0.376563 0.753125 0.373437 0.750000
0 0.432812 0.712500 0.431250 0.714063 0.428125 0.714063 0.423438 0.718750 0.423438 0.720313 0.421875 0.721875 0.421875 0.748437 0.420312 0.750000 0.420312 0.835938 0.421875 0.837500 0.429688 0.837500 0.431250 0.835938 0.432812 0.835938 0.434375 0.834375 0.435937 0.834375 0.437500 0.832812 0.439063 0.832812 0.440625 0.831250 0.440625 0.734375 0.442188 0.732812 0.442188 0.729688 0.440625 0.728125 0.440625 0.726562 0.442188 0.725000 0.440625 0.723437 0.440625 0.715625 0.439063 0.714063 0.437500 0.714063 0.435937 0.712500
0 0.446875 0.576562 0.445312 0.578125 0.445312 0.581250 0.443750 0.582812 0.443750 0.659375 0.445312 0.660937 0.451562 0.660937 0.453125 0.659375 0.459375 0.659375 0.460938 0.657813 0.460938 0.584375 0.459375 0.582812 0.459375 0.578125 0.457813 0.576562
0 0.554688 0.606250 0.551562 0.609375 0.551562 0.612500 0.550000 0.614062 0.550000 0.621875 0.551562 0.623437 0.551562 0.660937 0.553125 0.662500 0.553125 0.667188 0.554688 0.668750 0.554688 0.673438 0.556250 0.675000 0.556250 0.685937 0.557813 0.685937 0.559375 0.687500 0.560937 0.687500 0.562500 0.689063 0.564063 0.689063 0.565625 0.687500 0.565625 0.637500 0.564063 0.635938 0.564063 0.610938 0.559375 0.606250
0 0.567187 0.648438 0.567187 0.657813 0.565625 0.659375 0.565625 0.671875 0.567187 0.673438 0.567187 0.685937 0.565625 0.687500 0.567187 0.689063 0.567187 0.690625 0.571875 0.695312 0.571875 0.696875 0.573438 0.696875 0.575000 0.695312 0.575000 0.689063 0.576562 0.687500 0.576562 0.648438
0 0.570312 0.743750 0.568750 0.745313 0.568750 0.746875 0.567187 0.748437 0.567187 0.807813 0.568750 0.809375 0.568750 0.856250 0.573438 0.860938 0.573438 0.862500 0.575000 0.864062 0.575000 0.865625 0.578125 0.868750 0.579688 0.868750 0.582812 0.865625 0.582812 0.860938 0.584375 0.859375 0.584375 0.815625 0.582812 0.814063 0.582812 0.812500 0.584375 0.810937 0.584375 0.801562 0.582812 0.800000 0.582812 0.789062 0.584375 0.787500 0.584375 0.784375 0.582812 0.782813 0.582812 0.781250 0.584375 0.779687 0.584375 0.759375 0.582812 0.757812 0.582812 0.753125 0.581250 0.751563 0.581250 0.748437 0.579688 0.746875 0.579688 0.745313 0.578125 0.743750
0 0.592187 0.760938 0.589063 0.764062 0.589063 0.768750 0.587500 0.770312 0.587500 0.873437 0.589063 0.875000 0.589063 0.876563 0.590625 0.878125 0.590625 0.879687 0.596875 0.885938 0.598437 0.885938 0.601562 0.882812 0.601562 0.881250 0.603125 0.879687 0.603125 0.829688 0.601562 0.828125 0.601562 0.768750 0.600000 0.767188 0.600000 0.762500 0.598437 0.762500 0.596875 0.760938
0 0.515625 0.696875 0.514062 0.698438 0.514062 0.735938 0.515625 0.737500 0.515625 0.750000 0.514062 0.751563 0.514062 0.757812 0.515625 0.759375 0.515625 0.776563 0.514062 0.778125 0.514062 0.784375 0.515625 0.785937 0.515625 0.814063 0.518750 0.817187 0.521875 0.817187 0.523438 0.818750 0.525000 0.818750 0.526563 0.820312 0.529687 0.820312 0.531250 0.818750 0.532813 0.818750 0.532813 0.814063 0.534375 0.812500 0.534375 0.778125 0.532813 0.776563 0.532813 0.710938 0.531250 0.709375 0.531250 0.703125 0.529687 0.701562 0.529687 0.700000 0.528125 0.698438 0.526563 0.698438 0.525000 0.696875
0 0.460938 0.696875 0.457813 0.700000 0.456250 0.700000 0.454688 0.701562 0.454688 0.728125 0.453125 0.729688 0.453125 0.800000 0.451562 0.801562 0.451562 0.820312 0.456250 0.820312 0.457813 0.818750 0.459375 0.818750 0.460938 0.817187 0.467187 0.817187 0.468750 0.815625 0.468750 0.814063 0.470313 0.812500 0.470313 0.712500 0.471875 0.710938 0.471875 0.701562 0.470313 0.700000 0.470313 0.698438 0.468750 0.698438 0.467187 0.696875